<?xml version="1.0" encoding="UTF-8" standalone="no" ?>
<SimscapeMultibodyImportXML version="2.0" xmlns="urn:mathworks:SimscapeMultibody:import" xmlns:xsi="http://www.w3.org/2001/XMLSchema-instance">
<Created by="" on="01/29/21||07:51:28" using="Simscape Multibody Link Version 6.0" from="SolidWorks 28.0.1"/>
<ModelUnits mass="kilogram" length="millimeter"/>
<DataUnits mass="kilogram" length="meter"/>
<RootAssembly name="Assem_Klann_forsim" uid="Assem_Klann_forsim" version="1416">
<AssemblyFile name="Assem_Klann_forsim.SLDASM" type="SolidWorks Assembly"/>
<InstanceTree>
<Instance name="P40-1" uid="P40-1" entityUid="P40*:*Default">
<Transform>
<Rotation>1 0 0 0 0.99800750226688495 0.063095367650992371 0 -0.063095367650992371 0.99800750226688495</Rotation>
<Translation>0.16999999999999998 0.005047629412082975 -0.00015939981864922912</Translation>
</Transform>
</Instance>
<Instance name="P20-1" uid="P20-1" entityUid="P20*:*Default">
<Transform>
<Rotation>1 0 0 0 0.96559564116785246 -0.26004818353075265 0 0.26004818353075265 0.96559564116785246</Rotation>
<Translation>0.15799999999999997 0 0</Translation>
</Transform>
</Instance>
<Instance name="L40-1" uid="L40-1" entityUid="L40*:*Default">
<Transform>
<Rotation>1 0 0 0 0.99466572300124001 -0.10315085790443297 0 0.10315085790443297 0.99466572300124001</Rotation>
<Translation>0.16599999999999998 -0.0082520686323598012 -0.00042674215990080356</Translation>
</Transform>
</Instance>
<Instance name="L40-2" uid="L40-2" entityUid="L40*:*Default">
<Transform>
<Rotation>-1 0 -1.2340313784916546e-16 0 0.99777784406222514 0.066628626719587497 1.2403272853236384e-16 0.066628626719587497 -0.99777784406222514</Rotation>
<Translation>0.17799999999999999 0.005330290137562488 0.0001777724750219761</Translation>
</Transform>
</Instance>
<Instance name="P40-11" uid="P40-11" entityUid="P40*:*Default">
<Transform>
<Rotation>1 3.6117768584398084e-16 0 0 0.28021245452298987 -0.95993800858711775 -3.7470027081105433e-16 0.95993800858711775 0.28021245452298987</Rotation>
<Translation>-0.023999999999999931 -0.076795040686964702 0.10241699636183919</Translation>
</Transform>
</Instance>
<Instance name="Foot-2" uid="Foot-2" entityUid="Foot*:*Default">
<Transform>
<Rotation>1 0 0 0 0.99140842346705227 0.13080266770434704 0 -0.13080266770434704 0.99140842346705227</Rotation>
<Translation>0.182 0.0065662184868592677 0.1505552387649042</Translation>
</Transform>
</Instance>
<Instance name="P80-1" uid="P80-1" entityUid="P80*:*Default">
<Transform>
<Rotation>1 0 0 0 0.99902340346130492 -0.044184152550330764 0 0.044184152550330764 0.99902340346130492</Rotation>
<Translation>0.16599999999999998 -0.00049363886702473436 0.0043407601562611559</Translation>
</Transform>
</Instance>
<Instance name="P20-3" uid="P20-3" entityUid="P20*:*Default">
<Transform>
<Rotation>1 2.386964467729082e-16 0 0 -0.26004818353075076 -0.96559564116785312 -2.4768007361286255e-16 0.96559564116785312 -0.26004818353075076</Rotation>
<Translation>-0.0040000000000000044 0.0044167300488075871 -0.019506216846840407</Translation>
</Transform>
</Instance>
<Instance name="P80-2" uid="P80-2" entityUid="P80*:*Default">
<Transform>
<Rotation>1 0 0 0 0.3124640206350276 -0.9499295951851342 0 0.9499295951851342 0.3124640206350276</Rotation>
<Translation>0.16199999999999998 0.012494700608012204 -0.014313957072401847</Translation>
</Transform>
</Instance>
<Instance name="P80-10" uid="P80-10" entityUid="P80*:*Default">
<Transform>
<Rotation>1 0 3.6580507480507476e-16 0 0.9917926872380366 -0.12785642549811099 -3.6949610038312879e-16 0.12785642549811099 0.9917926872380366</Rotation>
<Translation>-0.011999999999999979 -0.015506218211861678 -0.021260107551159951</Translation>
</Transform>
</Instance>
<Instance name="L40-5" uid="L40-5" entityUid="L40*:*Default">
<Transform>
<Rotation>1 0 3.5774828436204864e-16 0 0.9783935674206532 0.20675112389026523 -3.656292319230704e-16 -0.20675112389026523 0.9783935674206532</Rotation>
<Translation>-0.011999999999999972 0.016540089911216211 -0.0017285146063477708</Translation>
</Transform>
</Instance>
<Instance name="P40-9" uid="P40-9" entityUid="P40*:*Default">
<Transform>
<Rotation>1 1.9942880069301723e-16 3.1058291170484653e-16 0 0.84892081251599105 -0.52852006024103748 -3.6906241951413192e-16 0.52852006024103748 0.84892081251599105</Rotation>
<Translation>-0.015999999999999976 -0.042281604819277417 -0.01208633499872073</Translation>
</Transform>
</Instance>
<Instance name="Foot-5" uid="Foot-5" entityUid="Foot*:*Default">
<Transform>
<Rotation>1 0 3.5923892330999271e-16 0 0.97839356742065475 0.2067511238902589 -3.6602665343116911e-16 -0.2067511238902589 0.97839356742065475</Rotation>
<Translation>-0.019999999999999983 0.0013530316458643021 -0.0358286690405357</Translation>
</Transform>
</Instance>
<Instance name="L40-6" uid="L40-6" entityUid="L40*:*Default">
<Transform>
<Rotation>-1 -2.3446900006259012e-16 -4.3381226320477334e-16 0 0.87476655704140815 -0.48454460133399607 4.9309514804648936e-16 -0.48454460133399607 -0.87476655704140815</Rotation>
<Translation>-0.015999999999999973 -0.038763568106725307 0.010018675436687342</Translation>
</Transform>
</Instance>
<Instance name="P40-2" uid="P40-2" entityUid="P40*:*Default">
<Transform>
<Rotation>1 0 0 0 0.99800750226688528 0.06309536765098224 0 -0.06309536765098224 0.99800750226688528</Rotation>
<Translation>0.16999999999999998 0.015091962694423876 -0.049140124281577068</Translation>
</Transform>
</Instance>
<Instance name="P80-3" uid="P80-3" entityUid="P80*:*Default">
<Transform>
<Rotation>1 0 0 0 -0.19938997085325991 -0.97992022099920795 0 0.97992022099920795 -0.19938997085325991</Rotation>
<Translation>0.17399999999999999 -0.039759652057517865 0.034662168911558426</Translation>
</Transform>
</Instance>
<Instance name="P40-10" uid="P40-10" entityUid="P40*:*Default">
<Transform>
<Rotation>1 1.9874117357599586e-16 3.0947842955780475e-16 0 0.84892081251598639 -0.52852006024104492 -3.6776137690714454e-16 0.52852006024104492 0.84892081251598639</Rotation>
<Translation>-0.015999999999999993 -0.047736966278191469 -0.061787834285489056</Translation>
</Transform>
</Instance>
<Instance name="P80-11" uid="P80-11" entityUid="P80*:*Default">
<Transform>
<Rotation>1 1.4883087503249174e-16 3.4012808226721545e-16 0 0.92149191830257271 -0.38839753411040667 -3.7123082385910555e-16 0.38839753411040667 0.92149191830257271</Rotation>
<Translation>-0.015999999999999955 0.022403081798752129 0.044554074595801234</Translation>
</Transform>
</Instance>
<Instance name="P40-4" uid="P40-4" entityUid="P40*:*Default">
<Transform>
<Rotation>1 0 0 0 0.42604880350958924 -0.90470018073837455 0 0.90470018073837455 0.42604880350958924</Rotation>
<Translation>0.17799999999999999 -0.070763780555621353 0.16405790453930746</Translation>
</Transform>
</Instance>
<Instance name="Foot-1" uid="Foot-1" entityUid="Foot*:*Default">
<Transform>
<Rotation>1 0 -1.6207840254708561e-16 -1.0353762518130331e-16 0.99466572300124123 -0.10315085790442223 1.522103397988097e-16 0.10315085790442223 0.99466572300124123</Rotation>
<Translation>0.17399999999999999 -0.0037432202661810158 0.0065584367147675229</Translation>
</Transform>
</Instance>
<Instance name="P80-4" uid="P80-4" entityUid="P80*:*Default">
<Transform>
<Rotation>1 0 0 0 0.8846857086108787 -0.46618794169269095 0 0.46618794169269095 0.8846857086108787</Rotation>
<Translation>0.16999999999999998 0.031918145885540712 0.069786247459658599</Translation>
</Transform>
</Instance>
<Instance name="P40-3" uid="P40-3" entityUid="P40*:*Default">
<Transform>
<Rotation>1 0 0 0 0.42604880350957636 -0.90470018073838054 0 0.90470018073838054 0.42604880350957636</Rotation>
<Translation>0.17799999999999999 -0.072376014459066884 0.1140839042807661</Translation>
</Transform>
</Instance>
<Instance name="P80-9" uid="P80-9" entityUid="P80*:*Default">
<Transform>
<Rotation>1 0 0 0 0.093253182550790223 -0.99564242775413581 0 0.99564242775413581 0.093253182550790223</Rotation>
<Translation>-0.0079999999999999811 0.0017489272234991232 -0.03932748895751309</Translation>
</Transform>
</Instance>
<Instance name="P80-12" uid="P80-12" entityUid="P80*:*Default">
<Transform>
<Rotation>1 3.7048426162881286e-16 0 0 0.1292323342629362 -0.99161434226263223 -3.7296554733508556e-16 0.99161434226263223 0.1292323342629362</Rotation>
<Translation>-0.019999999999999962 -0.04183467889144122 0.028327212468135216</Translation>
</Transform>
</Instance>
<Instance name="P40-12" uid="P40-12" entityUid="P40*:*Default">
<Transform>
<Rotation>1 5.9583797957161501e-16 1.689031183637114e-16 0 0.28021245452299881 -0.95993800858711509 -6.1929628092383047e-16 0.95993800858711509 0.28021245452299881</Rotation>
<Translation>-0.023999999999999903 -0.048366363905668702 0.14354861846047179</Translation>
</Transform>
</Instance>
<Instance name="Foot-6" uid="Foot-6" entityUid="Foot*:*Default">
<Transform>
<Rotation>1 -2.3815711226062552e-16 2.8876343396005823e-16 0 0.76245394595060223 0.647042487248215 -3.7426658994205993e-16 -0.647042487248215 0.76245394595060223</Rotation>
<Translation>-0.027999999999999935 0.055260622287685357 0.1020293700420126</Translation>
</Transform>
</Instance>
<Instance name="AssemPart_Klann_Base-2" uid="AssemPart_Klann_Base-2" grounded="true" entityUid="AssemPart_Klann_Base*:*Default">
<Transform>
<Rotation>1 0 0 0 1 0 0 0 1</Rotation>
<Translation>0 0 0</Translation>
</Transform>
</Instance>
</InstanceTree>
<Constraints>
<Concentric name="Concentric2">
<ConstraintGeometry geomType="circle">
<InstancePath>
<Uid>P20-1</Uid>
</InstancePath>
<Position>0 0.019983680589322126 -0.00080778097523409023</Position>
<Axis>1 0 0</Axis>
</ConstraintGeometry>
<ConstraintGeometry geomType="circle">
<InstancePath>
<Uid>P80-1</Uid>
</InstancePath>
<Position>0 0.019983680589322133 -0.00080778097523409153</Position>
<Axis>1 0 0</Axis>
</ConstraintGeometry>
</Concentric>
<Concentric name="Concentric3">
<ConstraintGeometry geomType="circle">
<InstancePath>
<Uid>P40-1</Uid>
</InstancePath>
<Position>0 -0.04145513700803749 -0.052045186181180862</Position>
<Axis>1 0 0</Axis>
</ConstraintGeometry>
<ConstraintGeometry geomType="circle">
<InstancePath>
<Uid>P80-1</Uid>
</InstancePath>
<Position>0.0040000000000000036 -0.041455137008037476 -0.052045186181180848</Position>
<Axis>1 0 0</Axis>
</ConstraintGeometry>
</Concentric>
<Concentric name="Concentric4">
<ConstraintGeometry geomType="circle">
<InstancePath>
<Uid>P40-1</Uid>
</InstancePath>
<Position>0 0 -0.080000000000000016</Position>
<Axis>1 0 0</Axis>
</ConstraintGeometry>
<ConstraintGeometry geomType="circle">
<InstancePath>
<Uid>L40-1</Uid>
</InstancePath>
<Position>0.0040000000000000036 0 -0.080000000000000029</Position>
<Axis>1 0 0</Axis>
</ConstraintGeometry>
</Concentric>
<Concentric name="Concentric7">
<ConstraintGeometry geomType="circle">
<InstancePath>
<Uid>P80-2</Uid>
</InstancePath>
<Position>0 0.019983680589322129 -0.00080778097523408893</Position>
<Axis>1 0 0</Axis>
</ConstraintGeometry>
<ConstraintGeometry geomType="circle">
<InstancePath>
<Uid>P20-1</Uid>
</InstancePath>
<Position>0.0040000000000000036 0.019983680589322126 -0.00080778097523409023</Position>
<Axis>1 0 0</Axis>
</ConstraintGeometry>
</Concentric>
<Concentric name="Concentric8">
<ConstraintGeometry geomType="circle">
<InstancePath>
<Uid>P80-2</Uid>
</InstancePath>
<Position>0.0040000000000000036 -0.041455137008037463 -0.052045186181180828</Position>
<Axis>1 0 0</Axis>
</ConstraintGeometry>
<ConstraintGeometry geomType="circle">
<InstancePath>
<Uid>L40-1</Uid>
</InstancePath>
<Position>0 0.049755529306194757 -0.075061649722792653</Position>
<Axis>1 0 0</Axis>
</ConstraintGeometry>
</Concentric>
<Concentric name="Concentric10">
<ConstraintGeometry geomType="circle">
<InstancePath>
<Uid>P40-2</Uid>
</InstancePath>
<Position>0 0 -0.079999999999999946</Position>
<Axis>1 0 0</Axis>
</ConstraintGeometry>
<ConstraintGeometry geomType="circle">
<InstancePath>
<Uid>L40-1</Uid>
</InstancePath>
<Position>0.0040000000000000036 0.0049383502772073432 -0.12975552930619477</Position>
<Axis>1 0 0</Axis>
</ConstraintGeometry>
</Concentric>
<Concentric name="Concentric11">
<ConstraintGeometry geomType="circle">
<InstancePath>
<Uid>Foot-1</Uid>
</InstancePath>
<Position>0.0040000000000000036 -0.041455137008037476 -0.052045186181180855</Position>
<Axis>1 0 0</Axis>
</ConstraintGeometry>
<ConstraintGeometry geomType="circle">
<InstancePath>
<Uid>P80-1</Uid>
</InstancePath>
<Position>0 -0.041455137008037476 -0.052045186181180848</Position>
<Axis>1 0 0</Axis>
</ConstraintGeometry>
</Concentric>
<Concentric name="Concentric12">
<ConstraintGeometry geomType="circle">
<InstancePath>
<Uid>Foot-1</Uid>
</InstancePath>
<Position>0 -0.036516786730830128 -0.10180071548737563</Position>
<Axis>1 0 0</Axis>
</ConstraintGeometry>
<ConstraintGeometry geomType="circle">
<InstancePath>
<Uid>P40-2</Uid>
</InstancePath>
<Position>0.0040000000000000036 -0.041455137008037463 -0.052045186181180828</Position>
<Axis>1 0 0</Axis>
</ConstraintGeometry>
</Concentric>
<Concentric name="Concentric13">
<ConstraintGeometry geomType="circle">
<InstancePath>
<Uid>P80-4</Uid>
</InstancePath>
<Position>0 -0.04145513700803749 -0.052045186181180862</Position>
<Axis>1 0 0</Axis>
</ConstraintGeometry>
<ConstraintGeometry geomType="circle">
<InstancePath>
<Uid>P80-1</Uid>
</InstancePath>
<Position>0.0040000000000000036 0.019983680589322133 -0.00080778097523409153</Position>
<Axis>1 0 0</Axis>
</ConstraintGeometry>
</Concentric>
<Coincident name="Coincident9">
<ConstraintGeometry geomType="plane">
<InstancePath>
<Uid>P80-1</Uid>
</InstancePath>
<Position>0.0040000000000000036 0.019983680589322133 -0.00080778097523409153</Position>
<Axis>1 0 0</Axis>
</ConstraintGeometry>
<ConstraintGeometry geomType="plane">
<InstancePath>
<Uid>P80-4</Uid>
</InstancePath>
<Position>0 0.019983680589322136 -0.0008077809752341028</Position>
<Axis>-1 0 0</Axis>
</ConstraintGeometry>
</Coincident>
<Concentric name="Concentric14">
<ConstraintGeometry geomType="circle">
<InstancePath>
<Uid>P80-4</Uid>
</InstancePath>
<Position>0.0040000000000000036 -0.04145513700803749 -0.052045186181180862</Position>
<Axis>1 0 0</Axis>
</ConstraintGeometry>
<ConstraintGeometry geomType="circle">
<InstancePath>
<Uid>P80-3</Uid>
</InstancePath>
<Position>0 -0.04145513700803749 -0.052045186181180869</Position>
<Axis>1 0 0</Axis>
</ConstraintGeometry>
</Concentric>
<Coincident name="Coincident10">
<ConstraintGeometry geomType="plane">
<InstancePath>
<Uid>P80-3</Uid>
</InstancePath>
<Position>0 0.019983680589322129 -0.00080778097523409587</Position>
<Axis>-1 0 0</Axis>
</ConstraintGeometry>
<ConstraintGeometry geomType="plane">
<InstancePath>
<Uid>P80-4</Uid>
</InstancePath>
<Position>0.0040000000000000036 0.019983680589322136 -0.0008077809752341028</Position>
<Axis>1 0 0</Axis>
</ConstraintGeometry>
</Coincident>
<Concentric name="Concentric15">
<ConstraintGeometry geomType="circle">
<InstancePath>
<Uid>L40-2</Uid>
</InstancePath>
<Position>0.0040000000000000036 0.049755529306194757 -0.075061649722792653</Position>
<Axis>1 0 0</Axis>
</ConstraintGeometry>
<ConstraintGeometry geomType="circle">
<InstancePath>
<Uid>P80-4</Uid>
</InstancePath>
<Position>0.0040000000000000036 0.019983680589322136 -0.0008077809752341028</Position>
<Axis>1 0 0</Axis>
</ConstraintGeometry>
</Concentric>
<Concentric name="Concentric17">
<ConstraintGeometry geomType="circle">
<InstancePath>
<Uid>P40-3</Uid>
</InstancePath>
<Position>0 0 -0.080000000000000016</Position>
<Axis>1 0 0</Axis>
</ConstraintGeometry>
<ConstraintGeometry geomType="circle">
<InstancePath>
<Uid>L40-2</Uid>
</InstancePath>
<Position>0 0 -0.080000000000000016</Position>
<Axis>1 0 0</Axis>
</ConstraintGeometry>
</Concentric>
<Concentric name="Concentric18">
<ConstraintGeometry geomType="circle">
<InstancePath>
<Uid>P40-3</Uid>
</InstancePath>
<Position>0 -0.041455137008037463 -0.052045186181180841</Position>
<Axis>1 0 0</Axis>
</ConstraintGeometry>
<ConstraintGeometry geomType="circle">
<InstancePath>
<Uid>P80-3</Uid>
</InstancePath>
<Position>0.0040000000000000036 0.019983680589322136 -0.00080778097523409587</Position>
<Axis>1 0 0</Axis>
</ConstraintGeometry>
</Concentric>
<Concentric name="Concentric19">
<ConstraintGeometry geomType="circle">
<InstancePath>
<Uid>P40-4</Uid>
</InstancePath>
<Position>0 0 -0.080000000000000016</Position>
<Axis>1 0 0</Axis>
</ConstraintGeometry>
<ConstraintGeometry geomType="circle">
<InstancePath>
<Uid>L40-2</Uid>
</InstancePath>
<Position>0 0.0049383502772073458 -0.1297555293061948</Position>
<Axis>1 0 0</Axis>
</ConstraintGeometry>
</Concentric>
<Concentric name="Concentric20">
<ConstraintGeometry geomType="circle">
<InstancePath>
<Uid>P40-3</Uid>
</InstancePath>
<Position>0.0040000000000000036 -0.041455137008037463 -0.052045186181180841</Position>
<Axis>1 0 0</Axis>
</ConstraintGeometry>
<ConstraintGeometry geomType="circle">
<InstancePath>
<Uid>Foot-2</Uid>
</InstancePath>
<Position>0 -0.036516786730830114 -0.10180071548737557</Position>
<Axis>1 0 0</Axis>
</ConstraintGeometry>
</Concentric>
<Concentric name="Concentric21">
<ConstraintGeometry geomType="circle">
<InstancePath>
<Uid>P40-4</Uid>
</InstancePath>
<Position>0.0040000000000000036 -0.041455137008037463 -0.052045186181180841</Position>
<Axis>1 0 0</Axis>
</ConstraintGeometry>
<ConstraintGeometry geomType="circle">
<InstancePath>
<Uid>Foot-2</Uid>
</InstancePath>
<Position>0 -0.041455137008037463 -0.052045186181180814</Position>
<Axis>1 0 0</Axis>
</ConstraintGeometry>
</Concentric>
<Coincident name="Coincident11">
<ConstraintGeometry geomType="plane">
<InstancePath>
<Uid>P80-4</Uid>
</InstancePath>
<Position>0.0040000000000000036 0.019983680589322136 -0.0008077809752341028</Position>
<Axis>1 0 0</Axis>
</ConstraintGeometry>
<ConstraintGeometry geomType="plane">
<InstancePath>
<Uid>L40-2</Uid>
</InstancePath>
<Position>0.0040000000000000036 0 0</Position>
<Axis>1 0 0</Axis>
</ConstraintGeometry>
</Coincident>
<Coincident name="Coincident12">
<ConstraintGeometry geomType="plane">
<InstancePath>
<Uid>P40-3</Uid>
</InstancePath>
<Position>0 -0.041455137008037463 -0.052045186181180841</Position>
<Axis>-1 0 0</Axis>
</ConstraintGeometry>
<ConstraintGeometry geomType="plane">
<InstancePath>
<Uid>L40-2</Uid>
</InstancePath>
<Position>0 0 0</Position>
<Axis>-1 0 0</Axis>
</ConstraintGeometry>
</Coincident>
<Coincident name="Coincident15">
<ConstraintGeometry geomType="plane">
<InstancePath>
<Uid>L40-2</Uid>
</InstancePath>
<Position>0 0 0</Position>
<Axis>-1 0 0</Axis>
</ConstraintGeometry>
<ConstraintGeometry geomType="plane">
<InstancePath>
<Uid>P40-4</Uid>
</InstancePath>
<Position>0 -0.041455137008037463 -0.052045186181180841</Position>
<Axis>-1 0 0</Axis>
</ConstraintGeometry>
</Coincident>
<Coincident name="Coincident16">
<ConstraintGeometry geomType="plane">
<InstancePath>
<Uid>P40-4</Uid>
</InstancePath>
<Position>0.0040000000000000036 -0.041455137008037463 -0.052045186181180841</Position>
<Axis>1 0 0</Axis>
</ConstraintGeometry>
<ConstraintGeometry geomType="plane">
<InstancePath>
<Uid>Foot-2</Uid>
</InstancePath>
<Position>0 0 0</Position>
<Axis>-1 0 0</Axis>
</ConstraintGeometry>
</Coincident>
<Coincident name="Coincident17">
<ConstraintGeometry geomType="plane">
<InstancePath>
<Uid>P20-1</Uid>
</InstancePath>
<Position>0.0040000000000000036 0.019983680589322126 -0.00080778097523409023</Position>
<Axis>1 0 0</Axis>
</ConstraintGeometry>
<ConstraintGeometry geomType="plane">
<InstancePath>
<Uid>P80-2</Uid>
</InstancePath>
<Position>0 0.019983680589322129 -0.00080778097523408893</Position>
<Axis>-1 0 0</Axis>
</ConstraintGeometry>
</Coincident>
<Coincident name="Coincident18">
<ConstraintGeometry geomType="plane">
<InstancePath>
<Uid>P80-1</Uid>
</InstancePath>
<Position>0 0.019983680589322133 -0.00080778097523409153</Position>
<Axis>-1 0 0</Axis>
</ConstraintGeometry>
<ConstraintGeometry geomType="plane">
<InstancePath>
<Uid>P80-2</Uid>
</InstancePath>
<Position>0.0040000000000000036 0.019983680589322126 -0.00080778097523408893</Position>
<Axis>1 0 0</Axis>
</ConstraintGeometry>
</Coincident>
<Coincident name="Coincident20">
<ConstraintGeometry geomType="plane">
<InstancePath>
<Uid>L40-1</Uid>
</InstancePath>
<Position>0 0 0</Position>
<Axis>-1 0 0</Axis>
</ConstraintGeometry>
<ConstraintGeometry geomType="plane">
<InstancePath>
<Uid>P80-2</Uid>
</InstancePath>
<Position>0.0040000000000000036 0.019983680589322126 -0.00080778097523408893</Position>
<Axis>1 0 0</Axis>
</ConstraintGeometry>
</Coincident>
<Coincident name="Coincident23">
<ConstraintGeometry geomType="plane">
<InstancePath>
<Uid>L40-1</Uid>
</InstancePath>
<Position>0.0040000000000000036 0 0</Position>
<Axis>1 0 0</Axis>
</ConstraintGeometry>
<ConstraintGeometry geomType="plane">
<InstancePath>
<Uid>P40-2</Uid>
</InstancePath>
<Position>0 -0.041455137008037463 -0.052045186181180828</Position>
<Axis>-1 0 0</Axis>
</ConstraintGeometry>
</Coincident>
<Coincident name="Coincident24">
<ConstraintGeometry geomType="plane">
<InstancePath>
<Uid>L40-1</Uid>
</InstancePath>
<Position>0.0040000000000000036 0 0</Position>
<Axis>1 0 0</Axis>
</ConstraintGeometry>
<ConstraintGeometry geomType="plane">
<InstancePath>
<Uid>P40-1</Uid>
</InstancePath>
<Position>0 -0.04145513700803749 -0.052045186181180862</Position>
<Axis>-1 0 0</Axis>
</ConstraintGeometry>
</Coincident>
<Coincident name="Coincident25">
<ConstraintGeometry geomType="plane">
<InstancePath>
<Uid>P40-1</Uid>
</InstancePath>
<Position>0.0040000000000000036 -0.04145513700803749 -0.052045186181180862</Position>
<Axis>1 0 0</Axis>
</ConstraintGeometry>
<ConstraintGeometry geomType="plane">
<InstancePath>
<Uid>Foot-1</Uid>
</InstancePath>
<Position>0 0 0</Position>
<Axis>-1 0 0</Axis>
</ConstraintGeometry>
</Coincident>
<Perpendicular name="Perpendicular1">
<ConstraintGeometry geomType="plane">
<InstancePath>
<Uid>P20-1</Uid>
</InstancePath>
<Position>0.0040000000000000036 0.020185625833130647 0.0041881391720964513</Position>
<Axis>0 0.040389048761704488 0.99918402946610618</Axis>
</ConstraintGeometry>
<ConstraintGeometry geomType="plane">
<InstancePath>
<Uid>P20-3</Uid>
</InstancePath>
<Position>0.0039999999999999992 0.019781735345513616 -0.0058037011225646308</Position>
<Axis>0 -0.040389048761704543 -0.99918402946610663</Axis>
</ConstraintGeometry>
</Perpendicular>
<Coincident name="Coincident58">
<ConstraintGeometry geomType="circle">
<InstancePath>
<Uid>P20-3</Uid>
</InstancePath>
<Position>0 0 0</Position>
<Axis>1 0 0</Axis>
</ConstraintGeometry>
<ConstraintGeometry geomType="circle">
<InstancePath>
<Uid>P80-9</Uid>
</InstancePath>
<Position>0.0040000000000000001 0.019983680589322147 -0.00080778097523409153</Position>
<Axis>1 0 0</Axis>
</ConstraintGeometry>
</Coincident>
<Coincident name="Coincident59">
<ConstraintGeometry geomType="circle">
<InstancePath>
<Uid>P80-9</Uid>
</InstancePath>
<Position>0 0.019983680589322147 -0.00080778097523409153</Position>
<Axis>1 0 0</Axis>
</ConstraintGeometry>
<ConstraintGeometry geomType="circle">
<InstancePath>
<Uid>P80-10</Uid>
</InstancePath>
<Position>0.0039999999999999983 0.019983680589322126 -0.0008077809752340924</Position>
<Axis>1 0 0</Axis>
</ConstraintGeometry>
</Coincident>
<Coincident name="Coincident60">
<ConstraintGeometry geomType="circle">
<InstancePath>
<Uid>P80-9</Uid>
</InstancePath>
<Position>0 -0.041455137008037476 -0.052045186181180876</Position>
<Axis>1 0 0</Axis>
</ConstraintGeometry>
<ConstraintGeometry geomType="circle">
<InstancePath>
<Uid>L40-5</Uid>
</InstancePath>
<Position>0.0040000000000000001 0.049755529306194757 -0.075061649722792639</Position>
<Axis>1 0 0</Axis>
</ConstraintGeometry>
</Coincident>
<Coincident name="Coincident63">
<ConstraintGeometry geomType="circle">
<InstancePath>
<Uid>L40-5</Uid>
</InstancePath>
<Position>0 0 -0.079999999999999988</Position>
<Axis>1 0 0</Axis>
</ConstraintGeometry>
<ConstraintGeometry geomType="circle">
<InstancePath>
<Uid>P40-9</Uid>
</InstancePath>
<Position>0.0040000000000000018 0 -0.080000000000000029</Position>
<Axis>1 0 0</Axis>
</ConstraintGeometry>
</Coincident>
<Coincident name="Coincident64">
<ConstraintGeometry geomType="circle">
<InstancePath>
<Uid>P80-10</Uid>
</InstancePath>
<Position>0 -0.041455137008037463 -0.052045186181180834</Position>
<Axis>1 0 0</Axis>
</ConstraintGeometry>
<ConstraintGeometry geomType="circle">
<InstancePath>
<Uid>P40-9</Uid>
</InstancePath>
<Position>0.0040000000000000018 -0.041455137008037483 -0.052045186181180855</Position>
<Axis>1 0 0</Axis>
</ConstraintGeometry>
</Coincident>
<Coincident name="Coincident65">
<ConstraintGeometry geomType="circle">
<InstancePath>
<Uid>L40-5</Uid>
</InstancePath>
<Position>0 0.004938350277207345 -0.12975552930619477</Position>
<Axis>1 0 0</Axis>
</ConstraintGeometry>
<ConstraintGeometry geomType="circle">
<InstancePath>
<Uid>P40-10</Uid>
</InstancePath>
<Position>0.0039999999999999983 0 -0.080000000000000016</Position>
<Axis>1 0 0</Axis>
</ConstraintGeometry>
</Coincident>
<Coincident name="Coincident66">
<ConstraintGeometry geomType="circle">
<InstancePath>
<Uid>P40-9</Uid>
</InstancePath>
<Position>0 -0.041455137008037483 -0.052045186181180855</Position>
<Axis>1 0 0</Axis>
</ConstraintGeometry>
<ConstraintGeometry geomType="circle">
<InstancePath>
<Uid>Foot-5</Uid>
</InstancePath>
<Position>0.0039999999999999966 -0.041455137008037476 -0.052045186181180883</Position>
<Axis>1 0 0</Axis>
</ConstraintGeometry>
</Coincident>
<Coincident name="Coincident67">
<ConstraintGeometry geomType="circle">
<InstancePath>
<Uid>P40-10</Uid>
</InstancePath>
<Position>0 -0.041455137008037463 -0.052045186181180869</Position>
<Axis>1 0 0</Axis>
</ConstraintGeometry>
<ConstraintGeometry geomType="circle">
<InstancePath>
<Uid>Foot-5</Uid>
</InstancePath>
<Position>0.0039999999999999966 -0.036516786730830142 -0.10180071548737567</Position>
<Axis>1 0 0</Axis>
</ConstraintGeometry>
</Coincident>
<Coincident name="Coincident68">
<ConstraintGeometry geomType="circle">
<InstancePath>
<Uid>P80-10</Uid>
</InstancePath>
<Position>0 0.019983680589322126 -0.0008077809752340924</Position>
<Axis>1 0 0</Axis>
</ConstraintGeometry>
<ConstraintGeometry geomType="circle">
<InstancePath>
<Uid>P80-11</Uid>
</InstancePath>
<Position>0.0040000000000000001 -0.041455137008037463 -0.052045186181180828</Position>
<Axis>1 0 0</Axis>
</ConstraintGeometry>
</Coincident>
<Coincident name="Coincident69">
<ConstraintGeometry geomType="circle">
<InstancePath>
<Uid>P80-11</Uid>
</InstancePath>
<Position>0 -0.04145513700803747 -0.052045186181180828</Position>
<Axis>1 0 0</Axis>
</ConstraintGeometry>
<ConstraintGeometry geomType="circle">
<InstancePath>
<Uid>P80-12</Uid>
</InstancePath>
<Position>0.0040000000000000001 -0.041455137008037476 -0.052045186181180841</Position>
<Axis>1 0 0</Axis>
</ConstraintGeometry>
</Coincident>
<Coincident name="Coincident70">
<ConstraintGeometry geomType="circle">
<InstancePath>
<Uid>P80-11</Uid>
</InstancePath>
<Position>0 0.019983680589322136 -0.00080778097523409587</Position>
<Axis>1 0 0</Axis>
</ConstraintGeometry>
<ConstraintGeometry geomType="circle">
<InstancePath>
<Uid>L40-6</Uid>
</InstancePath>
<Position>0 0.049755529306194771 -0.075061649722792695</Position>
<Axis>1 0 0</Axis>
</ConstraintGeometry>
</Coincident>
<Coincident name="Coincident72">
<ConstraintGeometry geomType="circle">
<InstancePath>
<Uid>L40-6</Uid>
</InstancePath>
<Position>0.0040000000000000001 0 -0.080000000000000043</Position>
<Axis>1 0 0</Axis>
</ConstraintGeometry>
<ConstraintGeometry geomType="circle">
<InstancePath>
<Uid>P40-11</Uid>
</InstancePath>
<Position>0.0040000000000000001 0 -0.080000000000000002</Position>
<Axis>1 0 0</Axis>
</ConstraintGeometry>
</Coincident>
<Coincident name="Coincident74">
<ConstraintGeometry geomType="circle">
<InstancePath>
<Uid>P80-12</Uid>
</InstancePath>
<Position>0 0.019983680589322123 -0.00080778097523408199</Position>
<Axis>1 0 0</Axis>
</ConstraintGeometry>
<ConstraintGeometry geomType="circle">
<InstancePath>
<Uid>P40-11</Uid>
</InstancePath>
<Position>0.0040000000000000001 -0.041455137008037476 -0.052045186181180834</Position>
<Axis>1 0 0</Axis>
</ConstraintGeometry>
</Coincident>
<Coincident name="Coincident75">
<ConstraintGeometry geomType="circle">
<InstancePath>
<Uid>L40-6</Uid>
</InstancePath>
<Position>0.0040000000000000001 0.0049383502772073345 -0.12975552930619483</Position>
<Axis>1 0 0</Axis>
</ConstraintGeometry>
<ConstraintGeometry geomType="circle">
<InstancePath>
<Uid>P40-12</Uid>
</InstancePath>
<Position>0.0040000000000000001 0 -0.079999999999999988</Position>
<Axis>1 0 0</Axis>
</ConstraintGeometry>
</Coincident>
<Coincident name="Coincident77">
<ConstraintGeometry geomType="circle">
<InstancePath>
<Uid>P40-11</Uid>
</InstancePath>
<Position>0 -0.041455137008037476 -0.052045186181180834</Position>
<Axis>1 0 0</Axis>
</ConstraintGeometry>
<ConstraintGeometry geomType="circle">
<InstancePath>
<Uid>Foot-6</Uid>
</InstancePath>
<Position>0.0040000000000000001 -0.036516786730830128 -0.10180071548737563</Position>
<Axis>1 0 0</Axis>
</ConstraintGeometry>
</Coincident>
<Coincident name="Coincident78">
<ConstraintGeometry geomType="circle">
<InstancePath>
<Uid>P40-12</Uid>
</InstancePath>
<Position>0 -0.041455137008037463 -0.052045186181180828</Position>
<Axis>1 0 0</Axis>
</ConstraintGeometry>
<ConstraintGeometry geomType="circle">
<InstancePath>
<Uid>Foot-6</Uid>
</InstancePath>
<Position>0.0040000000000000001 -0.041455137008037476 -0.052045186181180869</Position>
<Axis>1 0 0</Axis>
</ConstraintGeometry>
</Coincident>
<Coincident name="Coincident82">
<ConstraintGeometry geomType="circle">
<InstancePath>
<Uid>P20-1</Uid>
</InstancePath>
<Position>0 0 0</Position>
<Axis>1 0 0</Axis>
</ConstraintGeometry>
<ConstraintGeometry geomType="circle">
<InstancePath>
<Uid>AssemPart_Klann_Base-2</Uid>
</InstancePath>
<Position>0.15799999999999997 0 0</Position>
<Axis>1 0 0</Axis>
</ConstraintGeometry>
</Coincident>
<Concentric name="Concentric24">
<ConstraintGeometry geomType="circle">
<InstancePath>
<Uid>L40-1</Uid>
</InstancePath>
<Position>0 0 -0.080000000000000029</Position>
<Axis>1 0 0</Axis>
</ConstraintGeometry>
<ConstraintGeometry geomType="circle">
<InstancePath>
<Uid>AssemPart_Klann_Base-2</Uid>
</InstancePath>
<Position>0.15799999999999997 0 -0.080000000000000016</Position>
<Axis>1 0 0</Axis>
</ConstraintGeometry>
</Concentric>
<Coincident name="Coincident81">
<ConstraintGeometry geomType="circle">
<InstancePath>
<Uid>P20-3</Uid>
</InstancePath>
<Position>0.0039999999999999992 0.01998368058932214 -0.00080778097523409066</Position>
<Axis>1 0 0</Axis>
</ConstraintGeometry>
<ConstraintGeometry geomType="circle">
<InstancePath>
<Uid>AssemPart_Klann_Base-2</Uid>
</InstancePath>
<Position>0 0 0</Position>
<Axis>1 0 0</Axis>
</ConstraintGeometry>
</Coincident>
<Concentric name="Concentric25">
<ConstraintGeometry geomType="circle">
<InstancePath>
<Uid>L40-2</Uid>
</InstancePath>
<Position>0.0040000000000000036 0 -0.080000000000000016</Position>
<Axis>1 0 0</Axis>
</ConstraintGeometry>
<ConstraintGeometry geomType="circle">
<InstancePath>
<Uid>AssemPart_Klann_Base-2</Uid>
</InstancePath>
<Position>0.15799999999999997 0 0.079999999999999988</Position>
<Axis>1 0 0</Axis>
</ConstraintGeometry>
</Concentric>
<Concentric name="Concentric26">
<ConstraintGeometry geomType="circle">
<InstancePath>
<Uid>AssemPart_Klann_Base-2</Uid>
</InstancePath>
<Position>0 0 0.080000000000000002</Position>
<Axis>1 0 0</Axis>
</ConstraintGeometry>
<ConstraintGeometry geomType="circle">
<InstancePath>
<Uid>L40-6</Uid>
</InstancePath>
<Position>0 0 -0.080000000000000043</Position>
<Axis>1 0 0</Axis>
</ConstraintGeometry>
</Concentric>
<Concentric name="Concentric27">
<ConstraintGeometry geomType="circle">
<InstancePath>
<Uid>L40-5</Uid>
</InstancePath>
<Position>0.0040000000000000018 0 -0.079999999999999988</Position>
<Axis>1 0 0</Axis>
</ConstraintGeometry>
<ConstraintGeometry geomType="circle">
<InstancePath>
<Uid>AssemPart_Klann_Base-2</Uid>
</InstancePath>
<Position>0 0 -0.080000000000000002</Position>
<Axis>1 0 0</Axis>
</ConstraintGeometry>
</Concentric>
</Constraints>
</RootAssembly>
<Assemblies>
</Assemblies>
<Parts>
<Part name="AssemPart_Klann_Base" uid="AssemPart_Klann_Base*:*Default" version="107">
<ModelUnits mass="kilogram" length="millimeter"/>
<PartFile name="AssemPart_Klann_Base.SLDPRT" type="SolidWorks Part"/>
<MassProperties>
<Mass>0.21130407076316801</Mass>
<CenterOfMass>0.079000000000000056 -0.015483279560983656 0.0022528292913653334</CenterOfMass>
<Inertia>0.00095689289274252822 0.0014770165166549418 0.00053953338071926842 1.1980394640258258e-06 0 0</Inertia>
</MassProperties>
<GeometryFile name="AssemPart_Klann_Base_Default_sldprt.STEP" type="STEP"/>
<VisualProperties>
<Ambient r="0.792156862745098" g="0.81960784313725488" b="0.93333333333333335" a="1"/>
<Diffuse r="0.792156862745098" g="0.81960784313725488" b="0.93333333333333335" a="1"/>
<Specular r="0.396078431372549" g="0.40980392156862744" b="0.46666666666666667" a="1"/>
<Emissive r="0" g="0" b="0" a="1"/>
<Shininess>0.40000000596046448</Shininess>
</VisualProperties>
</Part>
<Part name="Foot" uid="Foot*:*Default" version="153">
<ModelUnits mass="kilogram" length="millimeter"/>
<PartFile name="Foot.SLDPRT" type="SolidWorks Part"/>
<MassProperties>
<Mass>0.0046136283001755743</Mass>
<CenterOfMass>0.0019999999999999996 -0.05784219379274317 -0.065736068167345202</CenterOfMass>
<Inertia>3.3901701293852167e-06 1.1456236377743734e-06 2.2568495004113113e-06 8.8570055739876485e-07 0 0</Inertia>
</MassProperties>
<GeometryFile name="Foot_Default_sldprt.STEP" type="STEP"/>
<VisualProperties>
<Ambient r="0.792156862745098" g="0.81960784313725488" b="0.93333333333333335" a="1"/>
<Diffuse r="0.792156862745098" g="0.81960784313725488" b="0.93333333333333335" a="1"/>
<Specular r="0.396078431372549" g="0.40980392156862744" b="0.46666666666666667" a="1"/>
<Emissive r="0" g="0" b="0" a="1"/>
<Shininess>0.40000000596046448</Shininess>
</VisualProperties>
</Part>
<Part name="L40" uid="L40*:*Default" version="153">
<ModelUnits mass="kilogram" length="millimeter"/>
<PartFile name="L40.SLDPRT" type="SolidWorks Part"/>
<MassProperties>
<Mass>0.0041633628176039848</Mass>
<CenterOfMass>0.002 0.014552754037801562 -0.091924796486276314</CenterOfMass>
<Inertia>2.4982267707372248e-06 1.3994176140807869e-06 1.1099114575033823e-06 -7.2203428083456396e-07 0 0</Inertia>
</MassProperties>
<GeometryFile name="L40_Default_sldprt.STEP" type="STEP"/>
<VisualProperties>
<Ambient r="0.792156862745098" g="0.81960784313725488" b="0.93333333333333335" a="1"/>
<Diffuse r="0.792156862745098" g="0.81960784313725488" b="0.93333333333333335" a="1"/>
<Specular r="0.396078431372549" g="0.40980392156862744" b="0.46666666666666667" a="1"/>
<Emissive r="0" g="0" b="0" a="1"/>
<Shininess>0.40000000596046448</Shininess>
</VisualProperties>
</Part>
<Part name="P20" uid="P20*:*Default" version="157">
<ModelUnits mass="kilogram" length="millimeter"/>
<PartFile name="P20.SLDPRT" type="SolidWorks Part"/>
<MassProperties>
<Mass>0.0010136283004441088</Mass>
<CenterOfMass>0.002 0.009991840294661063 -0.00040389048761704441</CenterOfMass>
<Inertia>7.1755425598235087e-08 9.9703600089658238e-09 6.4488074390453554e-08 2.2073234280122577e-09 0 0</Inertia>
</MassProperties>
<GeometryFile name="P20_Default_sldprt.STEP" type="STEP"/>
<VisualProperties>
<Ambient r="0.792156862745098" g="0.81960784313725488" b="0.93333333333333335" a="1"/>
<Diffuse r="0.792156862745098" g="0.81960784313725488" b="0.93333333333333335" a="1"/>
<Specular r="0.396078431372549" g="0.40980392156862744" b="0.46666666666666667" a="1"/>
<Emissive r="0" g="0" b="0" a="1"/>
<Shininess>0.40000000596046448</Shininess>
</VisualProperties>
</Part>
<Part name="P40" uid="P40*:*Default" version="153">
<ModelUnits mass="kilogram" length="millimeter"/>
<PartFile name="P40.SLDPRT" type="SolidWorks Part"/>
<MassProperties>
<Mass>0.0022136283001822732</Mass>
<CenterOfMass>0.002 -0.020727568503955962 -0.066022593090632742</CenterOfMass>
<Inertia>6.0391028316669871e-07 1.986723287777967e-07 4.11140963189388e-07 2.6276280146751158e-07 0 0</Inertia>
</MassProperties>
<GeometryFile name="P40_Default_sldprt.STEP" type="STEP"/>
<VisualProperties>
<Ambient r="0.792156862745098" g="0.81960784313725488" b="0.93333333333333335" a="1"/>
<Diffuse r="0.792156862745098" g="0.81960784313725488" b="0.93333333333333335" a="1"/>
<Specular r="0.396078431372549" g="0.40980392156862744" b="0.46666666666666667" a="1"/>
<Emissive r="0" g="0" b="0" a="1"/>
<Shininess>0.40000000596046448</Shininess>
</VisualProperties>
</Part>
<Part name="P80" uid="P80*:*Default" version="153">
<ModelUnits mass="kilogram" length="millimeter"/>
<PartFile name="P80.SLDPRT" type="SolidWorks Part"/>
<MassProperties>
<Mass>0.003413628300175579</Mass>
<CenterOfMass>0.002 -0.010735728209357693 -0.026426483578207493</CenterOfMass>
<Inertia>2.1321978758336732e-06 8.8430030110248853e-07 1.2570005835316526e-06 -1.0206976493053804e-06 0 0</Inertia>
</MassProperties>
<GeometryFile name="P80_Default_sldprt.STEP" type="STEP"/>
<VisualProperties>
<Ambient r="0.792156862745098" g="0.81960784313725488" b="0.93333333333333335" a="1"/>
<Diffuse r="0.792156862745098" g="0.81960784313725488" b="0.93333333333333335" a="1"/>
<Specular r="0.396078431372549" g="0.40980392156862744" b="0.46666666666666667" a="1"/>
<Emissive r="0" g="0" b="0" a="1"/>
<Shininess>0.40000000596046448</Shininess>
</VisualProperties>
</Part>
</Parts>
</SimscapeMultibodyImportXML>
